{
  "n_words": 216377,
  "models": {
    "whisper-base-enc": {
      "hf_id": "openai/whisper-base",
      "modality": "audio-whisper-enc",
      "params": "74M",
      "arch": "Whisper encoder",
      "corpus": "680k hrs audio"
    },
    "whisper-small-enc": {
      "hf_id": "openai/whisper-small",
      "modality": "audio-whisper-enc",
      "params": "244M",
      "arch": "Whisper encoder",
      "corpus": "680k hrs audio"
    },
    "whisper-medium-enc": {
      "hf_id": "openai/whisper-medium",
      "modality": "audio-whisper-enc",
      "params": "769M",
      "arch": "Whisper encoder",
      "corpus": "680k hrs audio"
    },
    "whisper-large-enc": {
      "hf_id": "openai/whisper-large-v3",
      "modality": "audio-whisper-enc",
      "params": "1550M",
      "arch": "Whisper encoder",
      "corpus": "680k hrs audio"
    },
    "whisper-base-dec": {
      "hf_id": "openai/whisper-base",
      "modality": "audio-whisper-dec",
      "params": "74M",
      "arch": "Whisper decoder",
      "corpus": "680k hrs audio"
    },
    "whisper-small-dec": {
      "hf_id": "openai/whisper-small",
      "modality": "audio-whisper-dec",
      "params": "244M",
      "arch": "Whisper decoder",
      "corpus": "680k hrs audio"
    },
    "whisper-medium-dec": {
      "hf_id": "openai/whisper-medium",
      "modality": "audio-whisper-dec",
      "params": "769M",
      "arch": "Whisper decoder",
      "corpus": "680k hrs audio"
    },
    "whisper-large-dec": {
      "hf_id": "openai/whisper-large-v3",
      "modality": "audio-whisper-dec",
      "params": "1550M",
      "arch": "Whisper decoder",
      "corpus": "680k hrs audio"
    },
    "parakeet-ctc-0.6b": {
      "hf_id": "nvidia/parakeet-ctc-0.6b",
      "modality": "audio-parakeet",
      "params": "600M",
      "arch": "FastConformer-CTC",
      "corpus": "Granary (64k hrs English)"
    },
    "mimi": {
      "hf_id": "kyutai/mimi",
      "modality": "audio-mimi",
      "params": "~85M",
      "arch": "Conv+Transformer codec",
      "corpus": "Moshi training set"
    },
    "babylm-125m": {
      "hf_id": "znhoughton/opt-babylm-125m-20eps-seed964",
      "modality": "text",
      "params": "125M",
      "arch": "OPT",
      "corpus": "BabyLM (~100M tokens)"
    },
    "opt-125m": {
      "hf_id": "facebook/opt-125m",
      "modality": "text",
      "params": "125M",
      "arch": "OPT",
      "corpus": "~180B tokens"
    },
    "babylm-350m": {
      "hf_id": "znhoughton/opt-babylm-350m-20eps-seed964",
      "modality": "text",
      "params": "350M",
      "arch": "OPT",
      "corpus": "BabyLM (~100M tokens)"
    },
    "babylm-1.3b": {
      "hf_id": "znhoughton/opt-babylm-1.3b-20eps-seed964",
      "modality": "text",
      "params": "1.3B",
      "arch": "OPT",
      "corpus": "BabyLM (~100M tokens)"
    },
    "pythia-160m": {
      "hf_id": "EleutherAI/pythia-160m",
      "modality": "text",
      "params": "160M",
      "arch": "GPT-NeoX",
      "corpus": "The Pile (300B tokens)"
    },
    "olmo-7b": {
      "hf_id": "allenai/OLMo-2-1124-7B",
      "modality": "text",
      "params": "7B",
      "arch": "OLMo-2",
      "corpus": "Dolma"
    },
    "pythia-6.9b": {
      "hf_id": "EleutherAI/pythia-6.9b",
      "modality": "text",
      "params": "6.9B",
      "arch": "GPT-NeoX",
      "corpus": "The Pile (300B tokens)"
    }
  },
  "embedding_shapes": {
    "whisper-base-enc": [
      216377,
      512
    ],
    "whisper-small-enc": [
      216377,
      768
    ],
    "whisper-medium-enc": [
      216377,
      1024
    ],
    "whisper-large-enc": [
      216377,
      1280
    ],
    "whisper-base-dec": [
      216377,
      512
    ],
    "whisper-small-dec": [
      216377,
      768
    ],
    "whisper-medium-dec": [
      216377,
      1024
    ],
    "whisper-large-dec": [
      216377,
      1280
    ],
    "parakeet-ctc-0.6b": [
      216377,
      1024
    ],
    "mimi": [
      216377,
      512
    ],
    "babylm-125m": [
      216377,
      768
    ],
    "opt-125m": [
      216377,
      768
    ],
    "babylm-350m": [
      216377,
      1024
    ],
    "babylm-1.3b": [
      216377,
      2048
    ],
    "pythia-160m": [
      216377,
      768
    ],
    "olmo-7b": [
      216377,
      4096
    ],
    "pythia-6.9b": [
      216377,
      4096
    ]
  },
  "cka_scores": {
    "whisper-base-enc vs whisper-small-enc": {
      "score": 0.8255953411681133,
      "hsic_std": 0.0003115486558454431
    },
    "whisper-base-enc vs whisper-medium-enc": {
      "score": 0.867698500941191,
      "hsic_std": 0.0003203221020268568
    },
    "whisper-base-enc vs whisper-large-enc": {
      "score": 0.8056259393901846,
      "hsic_std": 0.0004178865721525446
    },
    "whisper-base-enc vs whisper-base-dec": {
      "score": 0.19952954571032616,
      "hsic_std": 0.00016958415502563433
    },
    "whisper-base-enc vs whisper-small-dec": {
      "score": 0.37545429639158134,
      "hsic_std": 0.0005794865019865756
    },
    "whisper-base-enc vs whisper-medium-dec": {
      "score": 0.4832318126059559,
      "hsic_std": 0.00023781807919990617
    },
    "whisper-base-enc vs whisper-large-dec": {
      "score": 0.18345195357764663,
      "hsic_std": 8.508530454618569e-05
    },
    "whisper-base-enc vs parakeet-ctc-0.6b": {
      "score": 0.1656288317819288,
      "hsic_std": 4.7685341293443446e-05
    },
    "whisper-base-enc vs mimi": {
      "score": 0.08347639824235085,
      "hsic_std": 1.4079685640571362e-05
    },
    "whisper-base-enc vs babylm-125m": {
      "score": 0.22412687359675182,
      "hsic_std": 0.00010651655440625484
    },
    "whisper-base-enc vs opt-125m": {
      "score": 0.23052165410117453,
      "hsic_std": 0.00014069288242565584
    },
    "whisper-base-enc vs babylm-350m": {
      "score": 0.22267090742282,
      "hsic_std": 0.00011438032227008663
    },
    "whisper-base-enc vs babylm-1.3b": {
      "score": 0.23042824569180065,
      "hsic_std": 8.962111084043297e-05
    },
    "whisper-base-enc vs pythia-160m": {
      "score": 0.18671642786782544,
      "hsic_std": 2.220491651726635e-06
    },
    "whisper-base-enc vs olmo-7b": {
      "score": 0.2347582993654173,
      "hsic_std": 0.00014357691024799557
    },
    "whisper-base-enc vs pythia-6.9b": {
      "score": 0.18184454041817288,
      "hsic_std": 0.00017896773417969806
    },
    "whisper-small-enc vs whisper-medium-enc": {
      "score": 0.9713065350404708,
      "hsic_std": 0.000464614020947289
    },
    "whisper-small-enc vs whisper-large-enc": {
      "score": 0.8253755222258226,
      "hsic_std": 0.0005605648169547105
    },
    "whisper-small-enc vs whisper-base-dec": {
      "score": 0.19487423094123502,
      "hsic_std": 0.0001891536880313363
    },
    "whisper-small-enc vs whisper-small-dec": {
      "score": 0.39375603865091335,
      "hsic_std": 0.0006564788812207636
    },
    "whisper-small-enc vs whisper-medium-dec": {
      "score": 0.49739685956565877,
      "hsic_std": 0.0002904002354528206
    },
    "whisper-small-enc vs whisper-large-dec": {
      "score": 0.1809121168529272,
      "hsic_std": 9.291060883484277e-05
    },
    "whisper-small-enc vs parakeet-ctc-0.6b": {
      "score": 0.14026851490755388,
      "hsic_std": 5.021256706716167e-05
    },
    "whisper-small-enc vs mimi": {
      "score": 0.08134080565467439,
      "hsic_std": 1.4916165021119337e-05
    },
    "whisper-small-enc vs babylm-125m": {
      "score": 0.20866212093464692,
      "hsic_std": 0.0001094209385646764
    },
    "whisper-small-enc vs opt-125m": {
      "score": 0.22574862555637915,
      "hsic_std": 0.00015841741939550267
    },
    "whisper-small-enc vs babylm-350m": {
      "score": 0.20650113854184543,
      "hsic_std": 0.00011620870444816917
    },
    "whisper-small-enc vs babylm-1.3b": {
      "score": 0.213635965684537,
      "hsic_std": 9.13477572979975e-05
    },
    "whisper-small-enc vs pythia-160m": {
      "score": 0.17685944100814766,
      "hsic_std": 2.4086363113033274e-06
    },
    "whisper-small-enc vs olmo-7b": {
      "score": 0.22711255175558512,
      "hsic_std": 0.00015745398998508642
    },
    "whisper-small-enc vs pythia-6.9b": {
      "score": 0.17047939761365594,
      "hsic_std": 0.00018366934526324304
    },
    "whisper-medium-enc vs whisper-large-enc": {
      "score": 0.886027850159155,
      "hsic_std": 0.0005175548185025058
    },
    "whisper-medium-enc vs whisper-base-dec": {
      "score": 0.19514124557246376,
      "hsic_std": 0.0001579018833283826
    },
    "whisper-medium-enc vs whisper-small-dec": {
      "score": 0.3897972638071502,
      "hsic_std": 0.0005423886462375367
    },
    "whisper-medium-enc vs whisper-medium-dec": {
      "score": 0.5289004633467979,
      "hsic_std": 0.0002807561651031797
    },
    "whisper-medium-enc vs whisper-large-dec": {
      "score": 0.18494109986122811,
      "hsic_std": 8.151063504280005e-05
    },
    "whisper-medium-enc vs parakeet-ctc-0.6b": {
      "score": 0.14346585347477517,
      "hsic_std": 4.3473862494605435e-05
    },
    "whisper-medium-enc vs mimi": {
      "score": 0.07804078159772786,
      "hsic_std": 1.2581263218847884e-05
    },
    "whisper-medium-enc vs babylm-125m": {
      "score": 0.210862582618757,
      "hsic_std": 9.317671352377951e-05
    },
    "whisper-medium-enc vs opt-125m": {
      "score": 0.2289387402757744,
      "hsic_std": 0.00013700701850706185
    },
    "whisper-medium-enc vs babylm-350m": {
      "score": 0.20851482557322631,
      "hsic_std": 9.823526293115798e-05
    },
    "whisper-medium-enc vs babylm-1.3b": {
      "score": 0.21489034037305113,
      "hsic_std": 7.758715375174858e-05
    },
    "whisper-medium-enc vs pythia-160m": {
      "score": 0.1789124707897047,
      "hsic_std": 2.0457439373556003e-06
    },
    "whisper-medium-enc vs olmo-7b": {
      "score": 0.22721943138669903,
      "hsic_std": 0.00013596649637246332
    },
    "whisper-medium-enc vs pythia-6.9b": {
      "score": 0.17157803459857482,
      "hsic_std": 0.0001569398136727298
    },
    "whisper-large-enc vs whisper-base-dec": {
      "score": 0.21080097535965225,
      "hsic_std": 0.00018937519175337239
    },
    "whisper-large-enc vs whisper-small-dec": {
      "score": 0.4132698625371091,
      "hsic_std": 0.0006269050093629823
    },
    "whisper-large-enc vs whisper-medium-dec": {
      "score": 0.4939661512583484,
      "hsic_std": 0.00030067682285513445
    },
    "whisper-large-enc vs whisper-large-dec": {
      "score": 0.21662090641980214,
      "hsic_std": 0.00010199845641519722
    },
    "whisper-large-enc vs parakeet-ctc-0.6b": {
      "score": 0.16089079760469086,
      "hsic_std": 5.167218423828233e-05
    },
    "whisper-large-enc vs mimi": {
      "score": 0.08463742764725463,
      "hsic_std": 1.487254719612348e-05
    },
    "whisper-large-enc vs babylm-125m": {
      "score": 0.22703152121612252,
      "hsic_std": 0.00010441292479344828
    },
    "whisper-large-enc vs opt-125m": {
      "score": 0.24887463622729222,
      "hsic_std": 0.00015249815176501748
    },
    "whisper-large-enc vs babylm-350m": {
      "score": 0.2253032601434417,
      "hsic_std": 0.00011036193761495758
    },
    "whisper-large-enc vs babylm-1.3b": {
      "score": 0.22921880261418487,
      "hsic_std": 8.550234593776228e-05
    },
    "whisper-large-enc vs pythia-160m": {
      "score": 0.20214260643088855,
      "hsic_std": 2.4738028088614126e-06
    },
    "whisper-large-enc vs olmo-7b": {
      "score": 0.2549337556001589,
      "hsic_std": 0.00015512423825254893
    },
    "whisper-large-enc vs pythia-6.9b": {
      "score": 0.19360724854690226,
      "hsic_std": 0.0001864908729772737
    },
    "whisper-base-dec vs whisper-small-dec": {
      "score": 0.3806436468551329,
      "hsic_std": 0.0002992533955881497
    },
    "whisper-base-dec vs whisper-medium-dec": {
      "score": 0.13711590907101104,
      "hsic_std": 5.1464944764777994e-05
    },
    "whisper-base-dec vs whisper-large-dec": {
      "score": 0.2137361069524475,
      "hsic_std": 5.082739791639349e-05
    },
    "whisper-base-dec vs parakeet-ctc-0.6b": {
      "score": 0.2977970093620357,
      "hsic_std": 3.555390254113542e-05
    },
    "whisper-base-dec vs mimi": {
      "score": 0.1211357221613994,
      "hsic_std": 1.1401545055643565e-05
    },
    "whisper-base-dec vs babylm-125m": {
      "score": 0.3457509836023005,
      "hsic_std": 6.110155472804031e-05
    },
    "whisper-base-dec vs opt-125m": {
      "score": 0.31180778358205,
      "hsic_std": 5.984285821025584e-05
    },
    "whisper-base-dec vs babylm-350m": {
      "score": 0.35829921317832514,
      "hsic_std": 6.676578431410113e-05
    },
    "whisper-base-dec vs babylm-1.3b": {
      "score": 0.335684756465699,
      "hsic_std": 5.5917324241765714e-05
    },
    "whisper-base-dec vs pythia-160m": {
      "score": 0.46676035863854826,
      "hsic_std": 2.379661495183864e-06
    },
    "whisper-base-dec vs olmo-7b": {
      "score": 0.295140443889331,
      "hsic_std": 6.718478657203597e-05
    },
    "whisper-base-dec vs pythia-6.9b": {
      "score": 0.3699193114569738,
      "hsic_std": 0.0001731532567822805
    },
    "whisper-small-dec vs whisper-medium-dec": {
      "score": 0.2406504214842213,
      "hsic_std": 0.00015445097489338015
    },
    "whisper-small-dec vs whisper-large-dec": {
      "score": 0.2915608868813635,
      "hsic_std": 0.00010030677357328031
    },
    "whisper-small-dec vs parakeet-ctc-0.6b": {
      "score": 0.1990958852944322,
      "hsic_std": 7.019223734193957e-05
    },
    "whisper-small-dec vs mimi": {
      "score": 0.17102671775418313,
      "hsic_std": 2.3233709686896197e-05
    },
    "whisper-small-dec vs babylm-125m": {
      "score": 0.25740781086089703,
      "hsic_std": 0.00010604546049918931
    },
    "whisper-small-dec vs opt-125m": {
      "score": 0.2796786053767998,
      "hsic_std": 0.00012857177953957754
    },
    "whisper-small-dec vs babylm-350m": {
      "score": 0.26452240772383756,
      "hsic_std": 0.0001190075550018686
    },
    "whisper-small-dec vs babylm-1.3b": {
      "score": 0.2697455857819808,
      "hsic_std": 0.00010610309530748869
    },
    "whisper-small-dec vs pythia-160m": {
      "score": 0.3438356954515444,
      "hsic_std": 3.71814243120836e-06
    },
    "whisper-small-dec vs olmo-7b": {
      "score": 0.2986536108394218,
      "hsic_std": 0.00013939471348358787
    },
    "whisper-small-dec vs pythia-6.9b": {
      "score": 0.30410696728717607,
      "hsic_std": 0.0002645750735167969
    },
    "whisper-medium-dec vs whisper-large-dec": {
      "score": 0.4077290530136648,
      "hsic_std": 0.00011999456113669035
    },
    "whisper-medium-dec vs parakeet-ctc-0.6b": {
      "score": 0.10060002935079308,
      "hsic_std": 2.229425487916776e-05
    },
    "whisper-medium-dec vs mimi": {
      "score": 0.036060428684678444,
      "hsic_std": 5.0287710154775864e-06
    },
    "whisper-medium-dec vs babylm-125m": {
      "score": 0.18677312393885923,
      "hsic_std": 7.491785989530163e-05
    },
    "whisper-medium-dec vs opt-125m": {
      "score": 0.21454152496848405,
      "hsic_std": 9.332413299475519e-05
    },
    "whisper-medium-dec vs babylm-350m": {
      "score": 0.18175555434252494,
      "hsic_std": 7.550470143420106e-05
    },
    "whisper-medium-dec vs babylm-1.3b": {
      "score": 0.17609232133358724,
      "hsic_std": 5.6493033440311293e-05
    },
    "whisper-medium-dec vs pythia-160m": {
      "score": 0.1720781435445633,
      "hsic_std": 9.776295921002594e-07
    },
    "whisper-medium-dec vs olmo-7b": {
      "score": 0.23140604142746676,
      "hsic_std": 9.54914402343154e-05
    },
    "whisper-medium-dec vs pythia-6.9b": {
      "score": 0.19483423024141477,
      "hsic_std": 0.00010415008536711954
    },
    "whisper-large-dec vs parakeet-ctc-0.6b": {
      "score": 0.17064995266246008,
      "hsic_std": 1.9209695066913776e-05
    },
    "whisper-large-dec vs mimi": {
      "score": 0.04942594292088032,
      "hsic_std": 3.965213787008265e-06
    },
    "whisper-large-dec vs babylm-125m": {
      "score": 0.27838251501340966,
      "hsic_std": 4.978228514763907e-05
    },
    "whisper-large-dec vs opt-125m": {
      "score": 0.2888315842440982,
      "hsic_std": 5.287715163497917e-05
    },
    "whisper-large-dec vs babylm-350m": {
      "score": 0.2779505731645128,
      "hsic_std": 5.2565698531448805e-05
    },
    "whisper-large-dec vs babylm-1.3b": {
      "score": 0.2577790729273989,
      "hsic_std": 3.775097866024318e-05
    },
    "whisper-large-dec vs pythia-160m": {
      "score": 0.3002515150459602,
      "hsic_std": 8.078121089674285e-07
    },
    "whisper-large-dec vs olmo-7b": {
      "score": 0.3341694706965513,
      "hsic_std": 6.184881832248526e-05
    },
    "whisper-large-dec vs pythia-6.9b": {
      "score": 0.30221423244931395,
      "hsic_std": 6.885605994650966e-05
    },
    "parakeet-ctc-0.6b vs mimi": {
      "score": 0.07975031991059943,
      "hsic_std": 3.920298714994602e-06
    },
    "parakeet-ctc-0.6b vs babylm-125m": {
      "score": 0.3564547043660715,
      "hsic_std": 3.742532090990662e-05
    },
    "parakeet-ctc-0.6b vs opt-125m": {
      "score": 0.2893554439604559,
      "hsic_std": 2.9658647148233483e-05
    },
    "parakeet-ctc-0.6b vs babylm-350m": {
      "score": 0.3661070698513947,
      "hsic_std": 3.9223372462566276e-05
    },
    "parakeet-ctc-0.6b vs babylm-1.3b": {
      "score": 0.34708412707034003,
      "hsic_std": 2.7852259203270315e-05
    },
    "parakeet-ctc-0.6b vs pythia-160m": {
      "score": 0.3182650134399989,
      "hsic_std": 5.942318200994264e-07
    },
    "parakeet-ctc-0.6b vs olmo-7b": {
      "score": 0.26220215127513036,
      "hsic_std": 2.7714993658241445e-05
    },
    "parakeet-ctc-0.6b vs pythia-6.9b": {
      "score": 0.273696464490186,
      "hsic_std": 4.836491491751373e-05
    },
    "mimi vs babylm-125m": {
      "score": 0.04051612598839264,
      "hsic_std": 3.524913633683769e-06
    },
    "mimi vs opt-125m": {
      "score": 0.04676455187363453,
      "hsic_std": 4.223009837563225e-06
    },
    "mimi vs babylm-350m": {
      "score": 0.044180582062827586,
      "hsic_std": 3.948956430672336e-06
    },
    "mimi vs babylm-1.3b": {
      "score": 0.0639364402530411,
      "hsic_std": 4.251871578079171e-06
    },
    "mimi vs pythia-160m": {
      "score": 0.09529408376989604,
      "hsic_std": 1.452978312641574e-07
    },
    "mimi vs olmo-7b": {
      "score": 0.0579346446476532,
      "hsic_std": 4.652831697532226e-06
    },
    "mimi vs pythia-6.9b": {
      "score": 0.1027590567938678,
      "hsic_std": 1.2325652687777795e-05
    },
    "babylm-125m vs opt-125m": {
      "score": 0.6880688521007647,
      "hsic_std": 0.00010975825423576524
    },
    "babylm-125m vs babylm-350m": {
      "score": 0.8820950068235762,
      "hsic_std": 0.00012729190946303515
    },
    "babylm-125m vs babylm-1.3b": {
      "score": 0.7658145847641129,
      "hsic_std": 9.301564051986552e-05
    },
    "babylm-125m vs pythia-160m": {
      "score": 0.6233322021979424,
      "hsic_std": 1.2902396828037448e-06
    },
    "babylm-125m vs olmo-7b": {
      "score": 0.6173931066483102,
      "hsic_std": 0.00010313576871260664
    },
    "babylm-125m vs pythia-6.9b": {
      "score": 0.5589325654382834,
      "hsic_std": 0.0001233501186558108
    },
    "opt-125m vs babylm-350m": {
      "score": 0.6762669774406902,
      "hsic_std": 0.0001112361787229696
    },
    "opt-125m vs babylm-1.3b": {
      "score": 0.6035683918900866,
      "hsic_std": 8.20481330270314e-05
    },
    "opt-125m vs pythia-160m": {
      "score": 0.6727316773013081,
      "hsic_std": 1.3407515286573144e-06
    },
    "opt-125m vs olmo-7b": {
      "score": 0.7360457937623711,
      "hsic_std": 0.0001250887042622889
    },
    "opt-125m vs pythia-6.9b": {
      "score": 0.6886100317570886,
      "hsic_std": 0.0001475437853174707
    },
    "babylm-350m vs babylm-1.3b": {
      "score": 0.7689013594071472,
      "hsic_std": 9.637937430883326e-05
    },
    "babylm-350m vs pythia-160m": {
      "score": 0.6242563644433895,
      "hsic_std": 1.3521717603227272e-06
    },
    "babylm-350m vs olmo-7b": {
      "score": 0.6021849270487011,
      "hsic_std": 0.00010271576321276577
    },
    "babylm-350m vs pythia-6.9b": {
      "score": 0.5503681831077755,
      "hsic_std": 0.0001247202443254028
    },
    "babylm-1.3b vs pythia-160m": {
      "score": 0.5558553423237408,
      "hsic_std": 1.0104883086836287e-06
    },
    "babylm-1.3b vs olmo-7b": {
      "score": 0.5529732134628795,
      "hsic_std": 7.510560063176358e-05
    },
    "babylm-1.3b vs pythia-6.9b": {
      "score": 0.5091425521815433,
      "hsic_std": 9.086699284900285e-05
    },
    "pythia-160m vs olmo-7b": {
      "score": 0.650288092033616,
      "hsic_std": 1.3293343461001799e-06
    },
    "pythia-160m vs pythia-6.9b": {
      "score": 0.7329408978308642,
      "hsic_std": 2.782392891827751e-06
    },
    "olmo-7b vs pythia-6.9b": {
      "score": 0.7898707647979746,
      "hsic_std": 0.00014659161690708635
    }
  },
  "cka_matrix": [
    [
      1.0,
      0.8255953411681133,
      0.867698500941191,
      0.8056259393901846,
      0.19952954571032616,
      0.37545429639158134,
      0.4832318126059559,
      0.18345195357764663,
      0.1656288317819288,
      0.08347639824235085,
      0.22412687359675182,
      0.23052165410117453,
      0.22267090742282,
      0.23042824569180065,
      0.18671642786782544,
      0.2347582993654173,
      0.18184454041817288
    ],
    [
      0.8255953411681133,
      1.0,
      0.9713065350404708,
      0.8253755222258226,
      0.19487423094123502,
      0.39375603865091335,
      0.49739685956565877,
      0.1809121168529272,
      0.14026851490755388,
      0.08134080565467439,
      0.20866212093464692,
      0.22574862555637915,
      0.20650113854184543,
      0.213635965684537,
      0.17685944100814766,
      0.22711255175558512,
      0.17047939761365594
    ],
    [
      0.867698500941191,
      0.9713065350404708,
      1.0,
      0.886027850159155,
      0.19514124557246376,
      0.3897972638071502,
      0.5289004633467979,
      0.18494109986122811,
      0.14346585347477517,
      0.07804078159772786,
      0.210862582618757,
      0.2289387402757744,
      0.20851482557322631,
      0.21489034037305113,
      0.1789124707897047,
      0.22721943138669903,
      0.17157803459857482
    ],
    [
      0.8056259393901846,
      0.8253755222258226,
      0.886027850159155,
      1.0,
      0.21080097535965225,
      0.4132698625371091,
      0.4939661512583484,
      0.21662090641980214,
      0.16089079760469086,
      0.08463742764725463,
      0.22703152121612252,
      0.24887463622729222,
      0.2253032601434417,
      0.22921880261418487,
      0.20214260643088855,
      0.2549337556001589,
      0.19360724854690226
    ],
    [
      0.19952954571032616,
      0.19487423094123502,
      0.19514124557246376,
      0.21080097535965225,
      1.0,
      0.3806436468551329,
      0.13711590907101104,
      0.2137361069524475,
      0.2977970093620357,
      0.1211357221613994,
      0.3457509836023005,
      0.31180778358205,
      0.35829921317832514,
      0.335684756465699,
      0.46676035863854826,
      0.295140443889331,
      0.3699193114569738
    ],
    [
      0.37545429639158134,
      0.39375603865091335,
      0.3897972638071502,
      0.4132698625371091,
      0.3806436468551329,
      1.0,
      0.2406504214842213,
      0.2915608868813635,
      0.1990958852944322,
      0.17102671775418313,
      0.25740781086089703,
      0.2796786053767998,
      0.26452240772383756,
      0.2697455857819808,
      0.3438356954515444,
      0.2986536108394218,
      0.30410696728717607
    ],
    [
      0.4832318126059559,
      0.49739685956565877,
      0.5289004633467979,
      0.4939661512583484,
      0.13711590907101104,
      0.2406504214842213,
      1.0,
      0.4077290530136648,
      0.10060002935079308,
      0.036060428684678444,
      0.18677312393885923,
      0.21454152496848405,
      0.18175555434252494,
      0.17609232133358724,
      0.1720781435445633,
      0.23140604142746676,
      0.19483423024141477
    ],
    [
      0.18345195357764663,
      0.1809121168529272,
      0.18494109986122811,
      0.21662090641980214,
      0.2137361069524475,
      0.2915608868813635,
      0.4077290530136648,
      1.0,
      0.17064995266246008,
      0.04942594292088032,
      0.27838251501340966,
      0.2888315842440982,
      0.2779505731645128,
      0.2577790729273989,
      0.3002515150459602,
      0.3341694706965513,
      0.30221423244931395
    ],
    [
      0.1656288317819288,
      0.14026851490755388,
      0.14346585347477517,
      0.16089079760469086,
      0.2977970093620357,
      0.1990958852944322,
      0.10060002935079308,
      0.17064995266246008,
      1.0,
      0.07975031991059943,
      0.3564547043660715,
      0.2893554439604559,
      0.3661070698513947,
      0.34708412707034003,
      0.3182650134399989,
      0.26220215127513036,
      0.273696464490186
    ],
    [
      0.08347639824235085,
      0.08134080565467439,
      0.07804078159772786,
      0.08463742764725463,
      0.1211357221613994,
      0.17102671775418313,
      0.036060428684678444,
      0.04942594292088032,
      0.07975031991059943,
      1.0,
      0.04051612598839264,
      0.04676455187363453,
      0.044180582062827586,
      0.0639364402530411,
      0.09529408376989604,
      0.0579346446476532,
      0.1027590567938678
    ],
    [
      0.22412687359675182,
      0.20866212093464692,
      0.210862582618757,
      0.22703152121612252,
      0.3457509836023005,
      0.25740781086089703,
      0.18677312393885923,
      0.27838251501340966,
      0.3564547043660715,
      0.04051612598839264,
      1.0,
      0.6880688521007647,
      0.8820950068235762,
      0.7658145847641129,
      0.6233322021979424,
      0.6173931066483102,
      0.5589325654382834
    ],
    [
      0.23052165410117453,
      0.22574862555637915,
      0.2289387402757744,
      0.24887463622729222,
      0.31180778358205,
      0.2796786053767998,
      0.21454152496848405,
      0.2888315842440982,
      0.2893554439604559,
      0.04676455187363453,
      0.6880688521007647,
      1.0,
      0.6762669774406902,
      0.6035683918900866,
      0.6727316773013081,
      0.7360457937623711,
      0.6886100317570886
    ],
    [
      0.22267090742282,
      0.20650113854184543,
      0.20851482557322631,
      0.2253032601434417,
      0.35829921317832514,
      0.26452240772383756,
      0.18175555434252494,
      0.2779505731645128,
      0.3661070698513947,
      0.044180582062827586,
      0.8820950068235762,
      0.6762669774406902,
      1.0,
      0.7689013594071472,
      0.6242563644433895,
      0.6021849270487011,
      0.5503681831077755
    ],
    [
      0.23042824569180065,
      0.213635965684537,
      0.21489034037305113,
      0.22921880261418487,
      0.335684756465699,
      0.2697455857819808,
      0.17609232133358724,
      0.2577790729273989,
      0.34708412707034003,
      0.0639364402530411,
      0.7658145847641129,
      0.6035683918900866,
      0.7689013594071472,
      1.0,
      0.5558553423237408,
      0.5529732134628795,
      0.5091425521815433
    ],
    [
      0.18671642786782544,
      0.17685944100814766,
      0.1789124707897047,
      0.20214260643088855,
      0.46676035863854826,
      0.3438356954515444,
      0.1720781435445633,
      0.3002515150459602,
      0.3182650134399989,
      0.09529408376989604,
      0.6233322021979424,
      0.6727316773013081,
      0.6242563644433895,
      0.5558553423237408,
      1.0,
      0.650288092033616,
      0.7329408978308642
    ],
    [
      0.2347582993654173,
      0.22711255175558512,
      0.22721943138669903,
      0.2549337556001589,
      0.295140443889331,
      0.2986536108394218,
      0.23140604142746676,
      0.3341694706965513,
      0.26220215127513036,
      0.0579346446476532,
      0.6173931066483102,
      0.7360457937623711,
      0.6021849270487011,
      0.5529732134628795,
      0.650288092033616,
      1.0,
      0.7898707647979746
    ],
    [
      0.18184454041817288,
      0.17047939761365594,
      0.17157803459857482,
      0.19360724854690226,
      0.3699193114569738,
      0.30410696728717607,
      0.19483423024141477,
      0.30221423244931395,
      0.273696464490186,
      0.1027590567938678,
      0.5589325654382834,
      0.6886100317570886,
      0.5503681831077755,
      0.5091425521815433,
      0.7329408978308642,
      0.7898707647979746,
      1.0
    ]
  ],
  "eigenvalue_spectra": {
    "whisper-base-enc": [
      0.20514075476436305,
      0.15613314389252755,
      0.09383830318714063,
      0.08760584583647738,
      0.07139470691776655,
      0.05231107700360813,
      0.030758115781102508,
      0.024133037883537604,
      0.020072563737025977,
      0.015758893607415957,
      0.01411457579451001,
      0.013477633161975809,
      0.011978168753450478,
      0.011521769108083318,
      0.01081548828737574,
      0.010109937706421572,
      0.009363107609021107,
      0.00888666541129165,
      0.008363928299998854,
      0.008135364908622962,
      0.008086397034878392,
      0.007478603542559722,
      0.0069072754845741005,
      0.006870904552241569,
      0.006421085210694343,
      0.006163594544615074,
      0.006062435445421724,
      0.005898627246944816,
      0.00552776620048422,
      0.005147559085937831,
      0.004970957509995994,
      0.0046067709162713,
      0.004398696056702914,
      0.004387188460042847,
      0.004213077058331032,
      0.004008898705784643,
      0.0038977475272714947,
      0.0038142968451891682,
      0.0036808703475616654,
      0.003501401640582961,
      0.003346236817544858,
      0.0033039246906308843,
      0.0031998859594741663,
      0.0031256597488447443,
      0.00309424067770904,
      0.0029756738432753153,
      0.0028665894405222833,
      0.0027871382089680423,
      0.0027004298297808064,
      0.0026429857154471356
    ],
    "whisper-small-enc": [
      0.25771662530096556,
      0.15679652597536703,
      0.12121933703821831,
      0.10789677998841958,
      0.049185911477519856,
      0.034529800288961084,
      0.028785396288735426,
      0.020734558764255194,
      0.017081529561730056,
      0.012107959620815468,
      0.011727308383741305,
      0.010631321944839399,
      0.009462920305183925,
      0.009011351370259772,
      0.008422762901772456,
      0.008035495982400111,
      0.0075039133512836325,
      0.006273656861041302,
      0.006140463243440915,
      0.006031072028355932,
      0.005756241651632641,
      0.005556799152978545,
      0.005401403554494532,
      0.005213424531509341,
      0.005017904186915185,
      0.004772294609290008,
      0.004642720831351043,
      0.004557988542885836,
      0.004537574801334764,
      0.004450977578042956,
      0.00421088435273538,
      0.004153355630727237,
      0.003907381491455404,
      0.0038130905342769537,
      0.003692546363597187,
      0.0035534141277906452,
      0.0033059810566598833,
      0.0032190111228765444,
      0.0029776328771517037,
      0.0028893252649419454,
      0.002820598267021948,
      0.0027737961564651067,
      0.002726288541871642,
      0.002606740115138671,
      0.0025262474783228606,
      0.002472207503307064,
      0.0024076434028870827,
      0.0023461616718649545,
      0.0022317388573942706,
      0.0021639350657725463
    ],
    "whisper-medium-enc": [
      0.2810869239734551,
      0.18386691674820094,
      0.08321872494315165,
      0.07525796848914917,
      0.04823169949256352,
      0.03361961156945739,
      0.027223468460880963,
      0.020187499162301014,
      0.015589018477918095,
      0.013458226858672435,
      0.012382551871153894,
      0.010987150225443405,
      0.01057313804571253,
      0.009584708778606722,
      0.009243805767553901,
      0.008514178398028885,
      0.008370458671905827,
      0.008051122174515897,
      0.007309475404386369,
      0.006752791512379872,
      0.006574394267353215,
      0.006371519275604936,
      0.0060158972614932854,
      0.005905862276009517,
      0.005570644918609982,
      0.005351508145486704,
      0.005199098426494895,
      0.005094709351912653,
      0.004722239074049633,
      0.004656516250864347,
      0.004599651535420168,
      0.004516345740371314,
      0.004363985900266416,
      0.004295530965068117,
      0.004258947240939093,
      0.004087057095304252,
      0.0037642286836258813,
      0.003707487258391754,
      0.0036190279407489006,
      0.0035421553815868085,
      0.003532464410368485,
      0.003244212017353767,
      0.0031749726277262996,
      0.0031306383143109595,
      0.003069855378528492,
      0.0029910026474769228,
      0.0029358840066979414,
      0.002822369981907253,
      0.002714039566599619,
      0.0026583150339909187
    ],
    "whisper-large-enc": [
      0.27200855615157243,
      0.16313521480804463,
      0.09448253381013794,
      0.07126617110659275,
      0.05110312106101092,
      0.040603624789536816,
      0.030360410757283993,
      0.026003034295789488,
      0.02312425449276093,
      0.014528974698116894,
      0.013432015622533586,
      0.011514884346619039,
      0.010813252616995167,
      0.010465622139036096,
      0.009092062899938524,
      0.00838565981259794,
      0.007751216392489676,
      0.00746477651795219,
      0.00709904930980823,
      0.006974838241540383,
      0.006453481408784302,
      0.006368666157333851,
      0.005878851315700655,
      0.005633830466146663,
      0.005501710712475479,
      0.005325214523774519,
      0.0051565069832468675,
      0.00483088936720749,
      0.0045502911634518195,
      0.004317849060355872,
      0.004250000984164262,
      0.0041556891245613965,
      0.004051194272099205,
      0.0038609689333959515,
      0.003826821930572329,
      0.003773512090163341,
      0.0035870892423091136,
      0.003504267421293597,
      0.0034528987330069774,
      0.003360223449189417,
      0.0031948021660532775,
      0.003080823439066224,
      0.0030635068351042346,
      0.002955493790699212,
      0.002928526071372455,
      0.002841770110772576,
      0.0027550818728537597,
      0.0026951461824886386,
      0.0026030609050579447,
      0.0024325574169409754
    ],
    "whisper-base-dec": [
      0.1623800848062065,
      0.0737839493840754,
      0.05498829276463569,
      0.051093277936355846,
      0.04029817596747828,
      0.03370098058529676,
      0.029797219113773265,
      0.028609383762156368,
      0.024785585957631254,
      0.02411002098668323,
      0.022645033348431397,
      0.022190892530977346,
      0.020664062125359185,
      0.01945583905283267,
      0.018639797331337575,
      0.017295879730668904,
      0.016648566432334453,
      0.015774120979123982,
      0.015074611389379568,
      0.014732836486149653,
      0.014054203701959277,
      0.013845123950859043,
      0.013558780330748185,
      0.013102616923654279,
      0.012122563543144869,
      0.012040540575690269,
      0.011511597266938258,
      0.011106405338296037,
      0.011037898397673994,
      0.010870296303572148,
      0.010406402722463596,
      0.010251874316334307,
      0.010044179660836029,
      0.009515763884103719,
      0.009270349845275935,
      0.009128027302297106,
      0.009035594751305725,
      0.008949600340208056,
      0.008845914810595077,
      0.008510971929451288,
      0.008334347646415613,
      0.00819031678692679,
      0.008092654504707655,
      0.00782536644845053,
      0.007581819776102698,
      0.007449311359920399,
      0.007282387989794245,
      0.007158409341393822,
      0.007129161395209821,
      0.0070789081847838844
    ],
    "whisper-small-dec": [
      0.346965772977286,
      0.10799599282323248,
      0.07310161008484355,
      0.045552400987215254,
      0.029600184773554968,
      0.026911810841228827,
      0.022324973758745426,
      0.019683788007015094,
      0.01734414910090731,
      0.016164001885077873,
      0.014968290747074937,
      0.01325810089213738,
      0.012401400249177737,
      0.011674209300713344,
      0.010968534773819863,
      0.010732188250655821,
      0.010344472906593101,
      0.009520675746308003,
      0.009195762280357329,
      0.008695536313054926,
      0.008519033191146781,
      0.008047981543724726,
      0.007964049857867925,
      0.007759257465460623,
      0.00755175152447343,
      0.00727426715828493,
      0.00710252838039359,
      0.006850638662198878,
      0.006754692712063905,
      0.006679028265733373,
      0.006492695354327039,
      0.006371444642443924,
      0.006285175629354566,
      0.006156905731907971,
      0.006054136284077345,
      0.005867554877931232,
      0.005706927742861588,
      0.005644883348848854,
      0.005458851652730649,
      0.0053900591708888855,
      0.005271450139534935,
      0.005213152446043763,
      0.005101840927486098,
      0.005017056936449926,
      0.004976999677238325,
      0.004771278909514526,
      0.0047256870494989545,
      0.004594850239651083,
      0.0045040372149338145,
      0.004487926563929276
    ],
    "whisper-medium-dec": [
      0.23820652162980815,
      0.15193394040728267,
      0.07076601456382205,
      0.061066228956165834,
      0.05060710347899777,
      0.03348573067083168,
      0.03188620186588886,
      0.030174154050916092,
      0.027760836419757066,
      0.023707092833863335,
      0.02075862529016246,
      0.017912965563508573,
      0.01522538861356951,
      0.012655123005015279,
      0.01164629933231477,
      0.010420446722760343,
      0.009932142821549755,
      0.009611868689377332,
      0.009096789267972485,
      0.008751941935027907,
      0.008545677393558326,
      0.00792034282530396,
      0.007235356560842227,
      0.006783714857888066,
      0.0064695985234030084,
      0.006442172944270518,
      0.006298915355604003,
      0.00621637511885469,
      0.005963192810134134,
      0.005727358920304163,
      0.005582062784276621,
      0.005416957886567507,
      0.005276492522609506,
      0.004948498392139767,
      0.004849097156099097,
      0.0048085543943635865,
      0.00479818232589929,
      0.0045931665344311244,
      0.004460393907831565,
      0.004331088801198559,
      0.004172944793566367,
      0.004053560687420989,
      0.003955962770147901,
      0.003936942829561329,
      0.003786974572874465,
      0.0037077186998366427,
      0.0036305361663972117,
      0.003535302366085436,
      0.003520777061065594,
      0.003426663918872433
    ],
    "whisper-large-dec": [
      0.15808080636271957,
      0.08492000721161444,
      0.07125289951380862,
      0.04664371242934451,
      0.04322801727431596,
      0.03151509231123227,
      0.028692814849282725,
      0.025691021905198917,
      0.024240977183558863,
      0.02244673646705658,
      0.022290974736804105,
      0.020981962086626994,
      0.01893403096270535,
      0.01875203677441214,
      0.017215936932454802,
      0.01657528454199817,
      0.015868831164122903,
      0.014949979587600954,
      0.014710358926028465,
      0.01435838318989395,
      0.013916752122575704,
      0.013469116188206681,
      0.013154026395869009,
      0.012700968860147604,
      0.0125658952268207,
      0.012017618960457178,
      0.011734394609506097,
      0.011313001862456266,
      0.010791941275464088,
      0.01070791257241465,
      0.010167290745680712,
      0.00999148582384381,
      0.009731212706598578,
      0.009564319896900366,
      0.009424882703872553,
      0.009002855386715435,
      0.008922275498054154,
      0.008782364437176067,
      0.008434710908551095,
      0.008321603993997062,
      0.007983248539645313,
      0.007792423680389543,
      0.0077319410113115584,
