{
  "n_samples": 292367,
  "splits_used": [
    "train.100",
    "train.360",
    "train.500",
    "validation",
    "validation.other",
    "test",
    "test.other"
  ],
  "minibatch_size": 2048,
  "pca_plot_max_pc": 10,
  "models": {
    "whisper-base-enc": {
      "hf_id": "openai/whisper-base",
      "modality": "audio-whisper-enc",
      "params": "74M",
      "arch": "Whisper encoder",
      "corpus": "680k hrs audio"
    },
    "whisper-base-dec": {
      "hf_id": "openai/whisper-base",
      "modality": "audio-whisper-dec",
      "params": "74M",
      "arch": "Whisper decoder",
      "corpus": "680k hrs audio"
    },
    "whisper-small-enc": {
      "hf_id": "openai/whisper-small",
      "modality": "audio-whisper-enc",
      "params": "244M",
      "arch": "Whisper encoder",
      "corpus": "680k hrs audio"
    },
    "whisper-small-dec": {
      "hf_id": "openai/whisper-small",
      "modality": "audio-whisper-dec",
      "params": "244M",
      "arch": "Whisper decoder",
      "corpus": "680k hrs audio"
    },
    "whisper-medium-enc": {
      "hf_id": "openai/whisper-medium",
      "modality": "audio-whisper-enc",
      "params": "769M",
      "arch": "Whisper encoder",
      "corpus": "680k hrs audio"
    },
    "whisper-medium-dec": {
      "hf_id": "openai/whisper-medium",
      "modality": "audio-whisper-dec",
      "params": "769M",
      "arch": "Whisper decoder",
      "corpus": "680k hrs audio"
    },
    "whisper-large-enc": {
      "hf_id": "openai/whisper-large-v3",
      "modality": "audio-whisper-enc",
      "params": "1550M",
      "arch": "Whisper encoder",
      "corpus": "680k hrs audio"
    },
    "whisper-large-dec": {
      "hf_id": "openai/whisper-large-v3",
      "modality": "audio-whisper-dec",
      "params": "1550M",
      "arch": "Whisper decoder",
      "corpus": "680k hrs audio"
    },
    "parakeet-ctc-0.6b": {
      "hf_id": "nvidia/parakeet-ctc-0.6b",
      "modality": "audio-parakeet",
      "params": "600M",
      "arch": "FastConformer-CTC",
      "corpus": "Granary (64k hrs English)"
    },
    "mimi": {
      "hf_id": "kyutai/mimi",
      "modality": "audio-mimi",
      "params": "~85M",
      "arch": "Conv+Transformer codec (EnCodec-style)",
      "corpus": "Speech data (Moshi training set)"
    },
    "voxtral-3b": {
      "hf_id": "mistralai/Voxtral-Mini-3B-2507",
      "modality": "audio-voxtral",
      "params": "3B",
      "arch": "Mistral+WhisperEnc",
      "corpus": "Mistral mix + speech"
    },
    "higgs-audio-v2-3b": {
      "hf_id": "bosonai/higgs-audio-v2-generation-3B-base",
      "modality": "tts-higgs",
      "params": "~5.8B",
      "arch": "Llama-3.2-3B + DualFFN adapter (2.2B)",
      "corpus": "AudioVerse (10M hrs speech+music+SFX)"
    },
    "babylm-125m": {
      "hf_id": "znhoughton/opt-babylm-125m-20eps-seed964",
      "modality": "text",
      "params": "125M",
      "arch": "OPT",
      "corpus": "BabyLM"
    },
    "opt-125m": {
      "hf_id": "facebook/opt-125m",
      "modality": "text",
      "params": "125M",
      "arch": "OPT",
      "corpus": "RoBERTa+CCNet+The Pile (~180B tokens)"
    },
    "babylm-350m": {
      "hf_id": "znhoughton/opt-babylm-350m-20eps-seed964",
      "modality": "text",
      "params": "350M",
      "arch": "OPT",
      "corpus": "BabyLM"
    },
    "babylm-1.3b": {
      "hf_id": "znhoughton/opt-babylm-1.3b-20eps-seed964",
      "modality": "text",
      "params": "1.3B",
      "arch": "OPT",
      "corpus": "BabyLM"
    },
    "olmo-7b": {
      "hf_id": "allenai/OLMo-2-1124-7B",
      "modality": "text",
      "params": "7B",
      "arch": "OLMo-2",
      "corpus": "Dolma"
    },
    "pythia-160m": {
      "hf_id": "EleutherAI/pythia-160m",
      "modality": "text",
      "params": "160M",
      "arch": "GPT-NeoX",
      "corpus": "The Pile"
    },
    "pythia-6.9b": {
      "hf_id": "EleutherAI/pythia-6.9b",
      "modality": "text",
      "params": "6.9B",
      "arch": "GPT-NeoX",
      "corpus": "The Pile"
    }
  },
  "embedding_shapes": {
    "whisper-base-enc": [
      292367,
      512
    ],
    "whisper-base-dec": [
      292367,
      512
    ],
    "whisper-small-enc": [
      292367,
      768
    ],
    "whisper-small-dec": [
      292367,
      768
    ],
    "whisper-medium-enc": [
      292367,
      1024
    ],
    "whisper-medium-dec": [
      292367,
      1024
    ],
    "whisper-large-enc": [
      292367,
      1280
    ],
    "whisper-large-dec": [
      292367,
      1280
    ],
    "parakeet-ctc-0.6b": [
      292367,
      1024
    ],
    "mimi": [
      292367,
      512
    ],
    "voxtral-3b": [
      292367,
      3072
    ],
    "higgs-audio-v2-3b": [
      292367,
      3072
    ],
    "babylm-125m": [
      292367,
      768
    ],
    "opt-125m": [
      292367,
      768
    ],
    "babylm-350m": [
      292367,
      1024
    ],
    "babylm-1.3b": [
      292367,
      2048
    ],
    "olmo-7b": [
      292367,
      4096
    ],
    "pythia-160m": [
      292367,
      768
    ],
    "pythia-6.9b": [
      292367,
      4096
    ]
  },
  "cka_scores": {
    "whisper-base-enc vs whisper-base-dec": {
      "score": 0.23557438392697808,
      "ci95": 0.0016475195104013313
    },
    "whisper-base-enc vs whisper-small-enc": {
      "score": 0.9621063640264733,
      "ci95": 0.00031807624689682713
    },
    "whisper-base-enc vs whisper-small-dec": {
      "score": 0.16235587037024893,
      "ci95": 0.0017938730984292945
    },
    "whisper-base-enc vs whisper-medium-enc": {
      "score": 0.9526912896907013,
      "ci95": 0.0003826188062980834
    },
    "whisper-base-enc vs whisper-medium-dec": {
      "score": 0.28563910648148966,
      "ci95": 0.002413625193060905
    },
    "whisper-base-enc vs whisper-large-enc": {
      "score": 0.8728651125686911,
      "ci95": 0.0007197574392707321
    },
    "whisper-base-enc vs whisper-large-dec": {
      "score": 0.24260748480059835,
      "ci95": 0.002284327539616602
    },
    "whisper-base-enc vs parakeet-ctc-0.6b": {
      "score": 0.7881725860384451,
      "ci95": 0.0014964326089142808
    },
    "whisper-base-enc vs mimi": {
      "score": 0.7865690603456609,
      "ci95": 0.0015294657433443722
    },
    "whisper-base-enc vs voxtral-3b": {
      "score": 0.5202460886470331,
      "ci95": 0.0021331476311356617
    },
    "whisper-base-enc vs higgs-audio-v2-3b": {
      "score": 0.2931842952385775,
      "ci95": 0.0031225771812707303
    },
    "whisper-base-enc vs babylm-125m": {
      "score": 0.17354496159317487,
      "ci95": 0.0014103795001484656
    },
    "whisper-base-enc vs opt-125m": {
      "score": 0.22452367856820787,
      "ci95": 0.00175361742966532
    },
    "whisper-base-enc vs babylm-350m": {
      "score": 0.7304266028909709,
      "ci95": 0.0017139103869285807
    },
    "whisper-base-enc vs babylm-1.3b": {
      "score": 0.19874894145352706,
      "ci95": 0.0015486807939314134
    },
    "whisper-base-enc vs olmo-7b": {
      "score": 0.31415661820044777,
      "ci95": 0.0025088346211537917
    },
    "whisper-base-enc vs pythia-160m": {
      "score": 0.18467856735373858,
      "ci95": 0.0016687214972612315
    },
    "whisper-base-enc vs pythia-6.9b": {
      "score": 0.22475486876818787,
      "ci95": 0.0018304397607776263
    },
    "whisper-base-dec vs whisper-small-enc": {
      "score": 0.22463124785485214,
      "ci95": 0.0017214227610493269
    },
    "whisper-base-dec vs whisper-small-dec": {
      "score": 0.33317142517666326,
      "ci95": 0.0016927435384898814
    },
    "whisper-base-dec vs whisper-medium-enc": {
      "score": 0.248476487585314,
      "ci95": 0.001724486882166487
    },
    "whisper-base-dec vs whisper-medium-dec": {
      "score": 0.266168343454069,
      "ci95": 0.0017120910185321953
    },
    "whisper-base-dec vs whisper-large-enc": {
      "score": 0.21657030247694117,
      "ci95": 0.0017195277954071705
    },
    "whisper-base-dec vs whisper-large-dec": {
      "score": 0.15328550229455393,
      "ci95": 0.0018985877306955394
    },
    "whisper-base-dec vs parakeet-ctc-0.6b": {
      "score": 0.29444474801597975,
      "ci95": 0.001628702962772934
    },
    "whisper-base-dec vs mimi": {
      "score": 0.18961704128739457,
      "ci95": 0.001830181034521391
    },
    "whisper-base-dec vs voxtral-3b": {
      "score": 0.31581368620500244,
      "ci95": 0.0016036693939749653
    },
    "whisper-base-dec vs higgs-audio-v2-3b": {
      "score": 0.10125048699863835,
      "ci95": 0.0014214418155198186
    },
    "whisper-base-dec vs babylm-125m": {
      "score": 0.2317680248583717,
      "ci95": 0.0011964751605100892
    },
    "whisper-base-dec vs opt-125m": {
      "score": 0.22952529985825976,
      "ci95": 0.001144688456597442
    },
    "whisper-base-dec vs babylm-350m": {
      "score": 0.20514666440225196,
      "ci95": 0.0018859223672675121
    },
    "whisper-base-dec vs babylm-1.3b": {
      "score": 0.23109958357903634,
      "ci95": 0.0012412090180963973
    },
    "whisper-base-dec vs olmo-7b": {
      "score": 0.24448039029236723,
      "ci95": 0.0013291233950896032
    },
    "whisper-base-dec vs pythia-160m": {
      "score": 0.20381389456063523,
      "ci95": 0.0011736673879536707
    },
    "whisper-base-dec vs pythia-6.9b": {
      "score": 0.2462453208369317,
      "ci95": 0.0012448996986322081
    },
    "whisper-small-enc vs whisper-small-dec": {
      "score": 0.15355673955736743,
      "ci95": 0.0017755683248941603
    },
    "whisper-small-enc vs whisper-medium-enc": {
      "score": 0.9597865161712476,
      "ci95": 0.0003149156348872946
    },
    "whisper-small-enc vs whisper-medium-dec": {
      "score": 0.2765640055631255,
      "ci95": 0.0024580669998775398
    },
    "whisper-small-enc vs whisper-large-enc": {
      "score": 0.8906226731031863,
      "ci95": 0.0006444476464122578
    },
    "whisper-small-enc vs whisper-large-dec": {
      "score": 0.24722964112035686,
      "ci95": 0.0022696597571946154
    },
    "whisper-small-enc vs parakeet-ctc-0.6b": {
      "score": 0.7870060537134235,
      "ci95": 0.0015213118963265952
    },
    "whisper-small-enc vs mimi": {
      "score": 0.754956263841881,
      "ci95": 0.001639673488636593
    },
    "whisper-small-enc vs voxtral-3b": {
      "score": 0.524444241119683,
      "ci95": 0.002170778423002343
    },
    "whisper-small-enc vs higgs-audio-v2-3b": {
      "score": 0.28735891031082544,
      "ci95": 0.0031488721978010907
    },
    "whisper-small-enc vs babylm-125m": {
      "score": 0.16407624921589656,
      "ci95": 0.0014117082716648501
    },
    "whisper-small-enc vs opt-125m": {
      "score": 0.21374510733356583,
      "ci95": 0.0017589472422277676
    },
    "whisper-small-enc vs babylm-350m": {
      "score": 0.7117605914098798,
      "ci95": 0.0018501057554297807
    },
    "whisper-small-enc vs babylm-1.3b": {
      "score": 0.19016047956105386,
      "ci95": 0.0015593776005777627
    },
    "whisper-small-enc vs olmo-7b": {
      "score": 0.2967740072067738,
      "ci95": 0.002511486728239111
    },
    "whisper-small-enc vs pythia-160m": {
      "score": 0.17758936385632257,
      "ci95": 0.0016786017422689276
    },
    "whisper-small-enc vs pythia-6.9b": {
      "score": 0.2168546687418482,
      "ci95": 0.0018380051911275853
    },
    "whisper-small-dec vs whisper-medium-enc": {
      "score": 0.16996899904778645,
      "ci95": 0.0018623135593664963
    },
    "whisper-small-dec vs whisper-medium-dec": {
      "score": 0.46948137098075343,
      "ci95": 0.0029126021877159715
    },
    "whisper-small-dec vs whisper-large-enc": {
      "score": 0.1533214119150769,
      "ci95": 0.0018217914544968875
    },
    "whisper-small-dec vs whisper-large-dec": {
      "score": 0.12980051059294948,
      "ci95": 0.0018739113472495128
    },
    "whisper-small-dec vs parakeet-ctc-0.6b": {
      "score": 0.18567928151981986,
      "ci95": 0.0017725858895707369
    },
    "whisper-small-dec vs mimi": {
      "score": 0.12081846258430409,
      "ci95": 0.0016354776571542344
    },
    "whisper-small-dec vs voxtral-3b": {
      "score": 0.15035918437822945,
      "ci95": 0.0014467563104988011
    },
    "whisper-small-dec vs higgs-audio-v2-3b": {
      "score": 0.08061229179782962,
      "ci95": 0.0015534260658621676
    },
    "whisper-small-dec vs babylm-125m": {
      "score": 0.11039310232810133,
      "ci95": 0.000958457746595129
    },
    "whisper-small-dec vs opt-125m": {
      "score": 0.11690112642640967,
      "ci95": 0.0010573239201430286
    },
    "whisper-small-dec vs babylm-350m": {
      "score": 0.1752273286648269,
      "ci95": 0.001968760404615178
    },
    "whisper-small-dec vs babylm-1.3b": {
      "score": 0.11062781920314087,
      "ci95": 0.0009745019153104836
    },
    "whisper-small-dec vs olmo-7b": {
      "score": 0.14460785209615673,
      "ci95": 0.0015585719745221873
    },
    "whisper-small-dec vs pythia-160m": {
      "score": 0.0980788645641596,
      "ci95": 0.0010094986159104385
    },
    "whisper-small-dec vs pythia-6.9b": {
      "score": 0.11523174425223162,
      "ci95": 0.0011414497544322611
    },
    "whisper-medium-enc vs whisper-medium-dec": {
      "score": 0.2927383725454127,
      "ci95": 0.002450586475013615
    },
    "whisper-medium-enc vs whisper-large-enc": {
      "score": 0.9431734278698274,
      "ci95": 0.00028216789871475767
    },
    "whisper-medium-enc vs whisper-large-dec": {
      "score": 0.25748979655845183,
      "ci95": 0.0023385817014879365
    },
    "whisper-medium-enc vs parakeet-ctc-0.6b": {
      "score": 0.803974453874627,
      "ci95": 0.001357471496806601
    },
    "whisper-medium-enc vs mimi": {
      "score": 0.7850073262078852,
      "ci95": 0.0015022060981963567
    },
    "whisper-medium-enc vs voxtral-3b": {
      "score": 0.545118218482571,
      "ci95": 0.0020535349361470823
    },
    "whisper-medium-enc vs higgs-audio-v2-3b": {
      "score": 0.29181177384542384,
      "ci95": 0.0030914938822796546
    },
    "whisper-medium-enc vs babylm-125m": {
      "score": 0.18892357358876996,
      "ci95": 0.001354909241625276
    },
    "whisper-medium-enc vs opt-125m": {
      "score": 0.23780173212352185,
      "ci95": 0.0016868480234068588
    },
    "whisper-medium-enc vs babylm-350m": {
      "score": 0.7261903588412065,
      "ci95": 0.0017638894467642617
    },
    "whisper-medium-enc vs babylm-1.3b": {
      "score": 0.2133728890278765,
      "ci95": 0.0014904545474425514
    },
    "whisper-medium-enc vs olmo-7b": {
      "score": 0.32344410780791205,
      "ci95": 0.0024640741561110214
    },
    "whisper-medium-enc vs pythia-160m": {
      "score": 0.19845093723281126,
      "ci95": 0.0016199333359381894
    },
    "whisper-medium-enc vs pythia-6.9b": {
      "score": 0.24120073265518133,
      "ci95": 0.0017641956414311607
    },
    "whisper-medium-dec vs whisper-large-enc": {
      "score": 0.26371186075353975,
      "ci95": 0.002248986031008236
    },
    "whisper-medium-dec vs whisper-large-dec": {
      "score": 0.17030609107929204,
      "ci95": 0.0019348746030591012
    },
    "whisper-medium-dec vs parakeet-ctc-0.6b": {
      "score": 0.25883081714503053,
      "ci95": 0.002316947538153007
    },
    "whisper-medium-dec vs mimi": {
      "score": 0.2138868264633321,
      "ci95": 0.0023320747390924153
    },
    "whisper-medium-dec vs voxtral-3b": {
      "score": 0.17665293680671795,
      "ci95": 0.001972175949321775
    },
    "whisper-medium-dec vs higgs-audio-v2-3b": {
      "score": 0.10465842154556043,
      "ci95": 0.0018914391377482984
    },
    "whisper-medium-dec vs babylm-125m": {
      "score": 0.07912412261875472,
      "ci95": 0.0009961956923350754
    },
    "whisper-medium-dec vs opt-125m": {
      "score": 0.0920361527382092,
      "ci95": 0.0011480855849250763
    },
    "whisper-medium-dec vs babylm-350m": {
      "score": 0.2503647795202293,
      "ci95": 0.0025210609427890962
    },
    "whisper-medium-dec vs babylm-1.3b": {
      "score": 0.08607438211567917,
      "ci95": 0.0010505185545155729
    },
    "whisper-medium-dec vs olmo-7b": {
      "score": 0.13703095464486703,
      "ci95": 0.0017741718348959683
    },
    "whisper-medium-dec vs pythia-160m": {
      "score": 0.07504963953252157,
      "ci95": 0.001032784219379978
    },
    "whisper-medium-dec vs pythia-6.9b": {
      "score": 0.09362763090208165,
      "ci95": 0.0011947338317529008
    },
    "whisper-large-enc vs whisper-large-dec": {
      "score": 0.36955117831694323,
      "ci95": 0.002070194939226513
    },
    "whisper-large-enc vs parakeet-ctc-0.6b": {
      "score": 0.7403554535618043,
      "ci95": 0.0014803042880578968
    },
    "whisper-large-enc vs mimi": {
      "score": 0.7141217772988866,
      "ci95": 0.0016531301946150635
    },
    "whisper-large-enc vs voxtral-3b": {
      "score": 0.5167291766034424,
      "ci95": 0.001985548569856184
    },
    "whisper-large-enc vs higgs-audio-v2-3b": {
      "score": 0.2642338071399532,
      "ci95": 0.0028521765040308415
    },
    "whisper-large-enc vs babylm-125m": {
      "score": 0.16476948291754928,
      "ci95": 0.0013487378144405827
    },
    "whisper-large-enc vs opt-125m": {
      "score": 0.20772774141772563,
      "ci95": 0.0016169410948002816
    },
    "whisper-large-enc vs babylm-350m": {
      "score": 0.6651346382775112,
      "ci95": 0.001814993884410284
    },
    "whisper-large-enc vs babylm-1.3b": {
      "score": 0.18648673183339315,
      "ci95": 0.0014755304976007788
    },
    "whisper-large-enc vs olmo-7b": {
      "score": 0.28799973787609734,
      "ci95": 0.0023453336264942595
    },
    "whisper-large-enc vs pythia-160m": {
      "score": 0.17387414078534247,
      "ci95": 0.0015327762928900048
    },
    "whisper-large-enc vs pythia-6.9b": {
      "score": 0.21175974064857217,
      "ci95": 0.0016795131630660538
    },
    "whisper-large-dec vs parakeet-ctc-0.6b": {
      "score": 0.22573828808467014,
      "ci95": 0.002101513126095362
    },
    "whisper-large-dec vs mimi": {
      "score": 0.17923864044742224,
      "ci95": 0.0023073518892389186
    },
    "whisper-large-dec vs voxtral-3b": {
      "score": 0.3010537629477596,
      "ci95": 0.0020651598264144386
    },
    "whisper-large-dec vs higgs-audio-v2-3b": {
      "score": 0.1038952891996698,
      "ci95": 0.0017000977674971557
    },
    "whisper-large-dec vs babylm-125m": {
      "score": 0.06883923481818419,
      "ci95": 0.000920484917690203
    },
    "whisper-large-dec vs opt-125m": {
      "score": 0.08360349371433931,
      "ci95": 0.0010870277901600686
    },
    "whisper-large-dec vs babylm-350m": {
      "score": 0.2381984132004739,
      "ci95": 0.0022927322565794287
    },
    "whisper-large-dec vs babylm-1.3b": {
      "score": 0.07736976223883232,
      "ci95": 0.0010188735894419447
    },
    "whisper-large-dec vs olmo-7b": {
      "score": 0.126020619460049,
      "ci95": 0.0017516826709259303
    },
    "whisper-large-dec vs pythia-160m": {
      "score": 0.07119484485380372,
      "ci95": 0.0010374813342937347
    },
    "whisper-large-dec vs pythia-6.9b": {
      "score": 0.0899341609108015,
      "ci95": 0.0011674901062496976
    },
    "parakeet-ctc-0.6b vs mimi": {
      "score": 0.7167826694689933,
      "ci95": 0.001886634896445584
    },
    "parakeet-ctc-0.6b vs voxtral-3b": {
      "score": 0.6303957481778011,
      "ci95": 0.0014352065011559879
    },
    "parakeet-ctc-0.6b vs higgs-audio-v2-3b": {
      "score": 0.29847753848812814,
      "ci95": 0.003049227872489416
    },
    "parakeet-ctc-0.6b vs babylm-125m": {
      "score": 0.4067360757876265,
      "ci95": 0.0010788054074132225
    },
    "parakeet-ctc-0.6b vs opt-125m": {
      "score": 0.4516432742490155,
      "ci95": 0.0012210027510019654
    },
    "parakeet-ctc-0.6b vs babylm-350m": {
      "score": 0.6942318099776315,
      "ci95": 0.0019456782332242545
    },
    "parakeet-ctc-0.6b vs babylm-1.3b": {
      "score": 0.4217253096179674,
      "ci95": 0.0010862091646919579
    },
    "parakeet-ctc-0.6b vs olmo-7b": {
      "score": 0.5097215111282175,
      "ci95": 0.0018645348080007893
    },
    "parakeet-ctc-0.6b vs pythia-160m": {
      "score": 0.38665284307657566,
      "ci95": 0.0012634241831006577
    },
    "parakeet-ctc-0.6b vs pythia-6.9b": {
      "score": 0.4654906873082861,
      "ci95": 0.0013226313138728866
    },
    "mimi vs voxtral-3b": {
      "score": 0.41527253259792235,
      "ci95": 0.0022595667565122896
    },
    "mimi vs higgs-audio-v2-3b": {
      "score": 0.27570747599541845,
      "ci95": 0.003063114034258522
    },
    "mimi vs babylm-125m": {
      "score": 0.15390964340248,
      "ci95": 0.0014938743390200723
    },
    "mimi vs opt-125m": {
      "score": 0.20017160957661825,
      "ci95": 0.0018907468544696483
    },
    "mimi vs babylm-350m": {
      "score": 0.6897553390574696,
      "ci95": 0.0018437092644994217
    },
    "mimi vs babylm-1.3b": {
      "score": 0.1767819600133347,
      "ci95": 0.0016463107798034974
    },
    "mimi vs olmo-7b": {
      "score": 0.29606954887779524,
      "ci95": 0.002698120669226112
    },
    "mimi vs pythia-160m": {
      "score": 0.16159582166495473,
      "ci95": 0.0016623498739863976
    },
    "mimi vs pythia-6.9b": {
      "score": 0.20080123361010707,
      "ci95": 0.0018932778574163275
    },
    "voxtral-3b vs higgs-audio-v2-3b": {
      "score": 0.21911000984835516,
      "ci95": 0.002279681975534675
    },
    "voxtral-3b vs babylm-125m": {
      "score": 0.4903771801016914,
      "ci95": 0.0011761816333079368
    },
    "voxtral-3b vs opt-125m": {
      "score": 0.4914569374573236,
      "ci95": 0.0012128086100498486
    },
    "voxtral-3b vs babylm-350m": {
      "score": 0.4661495448856497,
      "ci95": 0.0023685825892789726
    },
    "voxtral-3b vs babylm-1.3b": {
      "score": 0.49086207293796746,
      "ci95": 0.0010959121057733214
    },
    "voxtral-3b vs olmo-7b": {
      "score": 0.5258986667746848,
      "ci95": 0.001363612502472618
    },
    "voxtral-3b vs pythia-160m": {
      "score": 0.42916947856022697,
      "ci95": 0.0014007663140266219
    },
    "voxtral-3b vs pythia-6.9b": {
      "score": 0.5720968942342919,
      "ci95": 0.0011891222418017485
    },
    "higgs-audio-v2-3b vs babylm-125m": {
      "score": 0.12734077212339595,
      "ci95": 0.0012069953604710206
    },
    "higgs-audio-v2-3b vs opt-125m": {
      "score": 0.16733947662628132,
      "ci95": 0.001747864874264526
    },
    "higgs-audio-v2-3b vs babylm-350m": {
      "score": 0.3912082158299033,
      "ci95": 0.003700454323914155
    },
    "higgs-audio-v2-3b vs babylm-1.3b": {
      "score": 0.14142166048611646,
      "ci95": 0.0014329673509496871
    },
    "higgs-audio-v2-3b vs olmo-7b": {
      "score": 0.2331943977708267,
      "ci95": 0.002634026488508988
    },
    "higgs-audio-v2-3b vs pythia-160m": {
      "score": 0.15886969366683135,
      "ci95": 0.0017146092293836368
    },
    "higgs-audio-v2-3b vs pythia-6.9b": {
      "score": 0.17143017342416855,
      "ci95": 0.0020318317103451833
    },
    "babylm-125m vs opt-125m": {
      "score": 0.7235343396057042,
      "ci95": 0.0007274601519173172
    },
    "babylm-125m vs babylm-350m": {
      "score": 0.22165924632574605,
      "ci95": 0.0016849195936650214
    },
    "babylm-125m vs babylm-1.3b": {
      "score": 0.8814505854258754,
      "ci95": 0.0003006644182902707
    },
    "babylm-125m vs olmo-7b": {
      "score": 0.61658384728757,
      "ci95": 0.0009092480580357907
    },
    "babylm-125m vs pythia-160m": {
      "score": 0.6468952883602737,
      "ci95": 0.0009808258516033146
    },
    "babylm-125m vs pythia-6.9b": {
      "score": 0.727739037463946,
      "ci95": 0.000721496428391992
    },
    "opt-125m vs babylm-350m": {
      "score": 0.2959870851370993,
      "ci95": 0.0025193021118525357
    },
    "opt-125m vs babylm-1.3b": {
      "score": 0.7167972430077921,
      "ci95": 0.0006902018996448487
    },
    "opt-125m vs olmo-7b": {
      "score": 0.6879063986368762,
      "ci95": 0.0008869352833297504
    },
    "opt-125m vs pythia-160m": {
      "score": 0.7672979589915645,
      "ci95": 0.0008722684813673762
    },
    "opt-125m vs pythia-6.9b": {
      "score": 0.7675658756856668,
      "ci95": 0.0008220523168365195
    },
    "babylm-350m vs babylm-1.3b": {
      "score": 0.2520307961391518,
      "ci95": 0.0019129752956271854
    },
    "babylm-350m vs olmo-7b": {
      "score": 0.4427032819161185,
      "ci95": 0.0032362281673099322
    },
    "babylm-350m vs pythia-160m": {
      "score": 0.26568296011252385,
      "ci95": 0.0024294725862401482
    },
    "babylm-350m vs pythia-6.9b": {
      "score": 0.30557318368428804,
      "ci95": 0.002693826347179969
    },
    "babylm-1.3b vs olmo-7b": {
      "score": 0.6092615265507938,
      "ci95": 0.0008696752640854413
    },
    "babylm-1.3b vs pythia-160m": {
      "score": 0.6468093612016501,
      "ci95": 0.0009497450931046955
    },
    "babylm-1.3b vs pythia-6.9b": {
      "score": 0.7162043613456626,
      "ci95": 0.0006907812117450995
    },
    "olmo-7b vs pythia-160m": {
      "score": 0.6172815669917915,
      "ci95": 0.0011739759494888392
    },
    "olmo-7b vs pythia-6.9b": {
      "score": 0.7746209391064107,
      "ci95": 0.0007829976982023976
    },
    "pythia-160m vs pythia-6.9b": {
      "score": 0.7199976416091457,
      "ci95": 0.0010152495269407577
    }
  },
  "cka_matrix": [
    [
      1.0,
      0.23557438392697808,
      0.9621063640264733,
      0.16235587037024893,
      0.9526912896907013,
      0.28563910648148966,
      0.8728651125686911,
      0.24260748480059835,
      0.7881725860384451,
      0.7865690603456609,
      0.5202460886470331,
      0.2931842952385775,
      0.17354496159317487,
      0.22452367856820787,
      0.7304266028909709,
      0.19874894145352706,
      0.31415661820044777,
      0.18467856735373858,
      0.22475486876818787
    ],
    [
      0.23557438392697808,
      1.0,
      0.22463124785485214,
      0.33317142517666326,
      0.248476487585314,
      0.266168343454069,
      0.21657030247694117,
      0.15328550229455393,
      0.29444474801597975,
      0.18961704128739457,
      0.31581368620500244,
      0.10125048699863835,
      0.2317680248583717,
      0.22952529985825976,
      0.20514666440225196,
      0.23109958357903634,
      0.24448039029236723,
      0.20381389456063523,
      0.2462453208369317
    ],
    [
      0.9621063640264733,
      0.22463124785485214,
      1.0,
      0.15355673955736743,
      0.9597865161712476,
      0.2765640055631255,
      0.8906226731031863,
      0.24722964112035686,
      0.7870060537134235,
      0.754956263841881,
      0.524444241119683,
      0.28735891031082544,
      0.16407624921589656,
      0.21374510733356583,
      0.7117605914098798,
      0.19016047956105386,
      0.2967740072067738,
      0.17758936385632257,
      0.2168546687418482
    ],
    [
      0.16235587037024893,
      0.33317142517666326,
      0.15355673955736743,
      1.0,
      0.16996899904778645,
      0.46948137098075343,
      0.1533214119150769,
      0.12980051059294948,
      0.18567928151981986,
      0.12081846258430409,
      0.15035918437822945,
      0.08061229179782962,
      0.11039310232810133,
      0.11690112642640967,
      0.1752273286648269,
      0.11062781920314087,
      0.14460785209615673,
      0.0980788645641596,
      0.11523174425223162
    ],
    [
      0.9526912896907013,
      0.248476487585314,
      0.9597865161712476,
      0.16996899904778645,
      1.0,
      0.2927383725454127,
      0.9431734278698274,
      0.25748979655845183,
      0.803974453874627,
      0.7850073262078852,
      0.545118218482571,
      0.29181177384542384,
      0.18892357358876996,
      0.23780173212352185,
      0.7261903588412065,
      0.2133728890278765,
      0.32344410780791205,
      0.19845093723281126,
      0.24120073265518133
    ],
    [
      0.28563910648148966,
      0.266168343454069,
      0.2765640055631255,
      0.46948137098075343,
      0.2927383725454127,
      1.0,
      0.26371186075353975,
      0.17030609107929204,
      0.25883081714503053,
      0.2138868264633321,
      0.17665293680671795,
      0.10465842154556043,
      0.07912412261875472,
      0.0920361527382092,
      0.2503647795202293,
      0.08607438211567917,
      0.13703095464486703,
      0.07504963953252157,
      0.09362763090208165
    ],
    [
      0.8728651125686911,
      0.21657030247694117,
      0.8906226731031863,
      0.1533214119150769,
      0.9431734278698274,
      0.26371186075353975,
      1.0,
      0.36955117831694323,
      0.7403554535618043,
      0.7141217772988866,
      0.5167291766034424,
      0.2642338071399532,
      0.16476948291754928,
      0.20772774141772563,
      0.6651346382775112,
      0.18648673183339315,
      0.28799973787609734,
      0.17387414078534247,
      0.21175974064857217
    ],
    [
      0.24260748480059835,
      0.15328550229455393,
      0.24722964112035686,
      0.12980051059294948,
      0.25748979655845183,
      0.17030609107929204,
      0.36955117831694323,
      1.0,
      0.22573828808467014,
      0.17923864044742224,
      0.3010537629477596,
      0.1038952891996698,
      0.06883923481818419,
      0.08360349371433931,
      0.2381984132004739,
      0.07736976223883232,
      0.126020619460049,
      0.07119484485380372,
      0.0899341609108015
    ],
    [
      0.7881725860384451,
      0.29444474801597975,
      0.7870060537134235,
      0.18567928151981986,
      0.803974453874627,
      0.25883081714503053,
      0.7403554535618043,
      0.22573828808467014,
      1.0,
      0.7167826694689933,
      0.6303957481778011,
      0.29847753848812814,
      0.4067360757876265,
      0.4516432742490155,
      0.6942318099776315,
      0.4217253096179674,
      0.5097215111282175,
      0.38665284307657566,
      0.4654906873082861
    ],
    [
      0.7865690603456609,
      0.18961704128739457,
      0.754956263841881,
      0.12081846258430409,
      0.7850073262078852,
      0.2138868264633321,
      0.7141217772988866,
      0.17923864044742224,
      0.7167826694689933,
      1.0,
      0.41527253259792235,
      0.27570747599541845,
      0.15390964340248,
      0.20017160957661825,
      0.6897553390574696,
      0.1767819600133347,
      0.29606954887779524,
      0.16159582166495473,
      0.20080123361010707
    ],
    [
      0.5202460886470331,
      0.31581368620500244,
      0.524444241119683,
      0.15035918437822945,
      0.545118218482571,
      0.17665293680671795,
      0.5167291766034424,
      0.3010537629477596,
      0.6303957481778011,
      0.41527253259792235,
      1.0,
      0.21911000984835516,
      0.4903771801016914,
      0.4914569374573236,
      0.4661495448856497,
      0.49086207293796746,
      0.5258986667746848,
      0.42916947856022697,
      0.5720968942342919
    ],
    [
      0.2931842952385775,
      0.10125048699863835,
      0.28735891031082544,
      0.08061229179782962,
      0.29181177384542384,
      0.10465842154556043,
      0.2642338071399532,
      0.1038952891996698,
      0.29847753848812814,
      0.27570747599541845,
      0.21911000984835516,
      1.0,
      0.12734077212339595,
      0.16733947662628132,
      0.3912082158299033,
      0.14142166048611646,
      0.2331943977708267,
      0.15886969366683135,
      0.17143017342416855
    ],
    [
      0.17354496159317487,
      0.2317680248583717,
      0.16407624921589656,
      0.11039310232810133,
      0.18892357358876996,
      0.07912412261875472,
      0.16476948291754928,
      0.06883923481818419,
      0.4067360757876265,
      0.15390964340248,
      0.4903771801016914,
      0.12734077212339595,
      1.0,
      0.7235343396057042,
      0.22165924632574605,
      0.8814505854258754,
      0.61658384728757,
      0.6468952883602737,
      0.727739037463946
    ],
    [
      0.22452367856820787,
      0.22952529985825976,
      0.21374510733356583,
      0.11690112642640967,
      0.23780173212352185,
      0.0920361527382092,
      0.20772774141772563,
      0.08360349371433931,
      0.4516432742490155,
      0.20017160957661825,
      0.4914569374573236,
      0.16733947662628132,
      0.7235343396057042,
      1.0,
      0.2959870851370993,
      0.7167972430077921,
      0.6879063986368762,
      0.7672979589915645,
      0.7675658756856668
    ],
    [
      0.7304266028909709,
      0.20514666440225196,
      0.7117605914098798,
      0.1752273286648269,
      0.7261903588412065,
      0.2503647795202293,
      0.6651346382775112,
      0.2381984132004739,
      0.6942318099776315,
      0.6897553390574696,
      0.4661495448856497,
      0.3912082158299033,
      0.22165924632574605,
      0.2959870851370993,
      1.0,
      0.2520307961391518,
      0.4427032819161185,
      0.26568296011252385,
      0.30557318368428804
    ],
    [
      0.19874894145352706,
      0.23109958357903634,
      0.19016047956105386,
      0.11062781920314087,
      0.2133728890278765,
      0.08607438211567917,
      0.18648673183339315,
      0.07736976223883232,
      0.4217253096179674,
      0.1767819600133347,
      0.49086207293796746,
      0.14142166048611646,
      0.8814505854258754,
      0.7167972430077921,
      0.2520307961391518,
      1.0,
      0.6092615265507938,
      0.6468093612016501,
      0.7162043613456626
    ],
    [
      0.31415661820044777,
      0.24448039029236723,
      0.2967740072067738,
      0.14460785209615673,
      0.32344410780791205,
      0.13703095464486703,
      0.28799973787609734,
      0.126020619460049,
      0.5097215111282175,
      0.29606954887779524,
      0.5258986667746848,
      0.2331943977708267,
      0.61658384728757,
      0.6879063986368762,
      0.4427032819161185,
      0.6092615265507938,
      1.0,
      0.6172815669917915,
      0.7746209391064107
    ],
    [
      0.18467856735373858,
      0.20381389456063523,
      0.17758936385632257,
      0.0980788645641596,
      0.19845093723281126,
      0.07504963953252157,
      0.17387414078534247,
      0.07119484485380372,
      0.38665284307657566,
      0.16159582166495473,
      0.42916947856022697,
      0.15886969366683135,
      0.6468952883602737,
      0.7672979589915645,
      0.26568296011252385,
      0.6468093612016501,
      0.6172815669917915,
      1.0,
      0.7199976416091457
    ],
    [
      0.22475486876818787,
      0.2462453208369317,
      0.2168546687418482,
      0.11523174425223162,
      0.24120073265518133,
      0.09362763090208165,
      0.21175974064857217,
      0.0899341609108015,
      0.4654906873082861,
      0.20080123361010707,
      0.5720968942342919,
      0.17143017342416855,
      0.727739037463946,
      0.7675658756856668,
      0.30557318368428804,
      0.7162043613456626,
      0.7746209391064107,
      0.7199976416091457,
      1.0
    ]
  ],
  "eigenvalue_spectra": {
    "whisper-base-enc": [
      0.7150982022285461,
      0.09844271838665009,
      0.028858309611678123,
      0.019201822578907013,
      0.01140973437577486,
      0.010076458565890789,
      0.009602748788893223,
      0.008423933759331703,
      0.007834150455892086,
      0.006112417671829462,
      0.005127741023898125,
      0.004708833992481232,
      0.004361013416200876,
      0.004028543829917908,
      0.0038913190364837646,
      0.003578005824238062,
      0.0034565716050565243,
      0.0033510602079331875,
      0.0030690019484609365,
      0.0029256294947117567,
      0.0025448589585721493,
      0.002400381490588188,
      0.0023029472213238478,
      0.00214570970274508,
      0.002040781080722809,
      0.0019928161054849625,
      0.0019704345613718033,
      0.0018955948762595654,
      0.0018444722518324852,
      0.0018132119439542294,
      0.0016547248233109713,
      0.0016201698454096913,
      0.0015416108071804047,
      0.0015020888531580567,
      0.0014755786396563053,
      0.0014167827321216464,
      0.0013871181290596724,
      0.0013519604690372944,
      0.001313038868829608,
      0.0012920497683808208,
      0.001269664615392685,
      0.0012154950527474284,
      0.0011809839634224772,
      0.001154124503955245,
      0.0011099496623501182,
      0.0010547786951065063,
      0.0010362631874158978,
      0.0010149942245334387,
      0.0009587061940692365,
      0.0009403460426256061
    ],
    "whisper-base-dec": [
      0.22836802899837494,
      0.10572177916765213,
      0.09416534006595612,
      0.06366005539894104,
      0.05763851851224899,
      0.041208263486623764,
      0.03647708520293236,
      0.029672805219888687,
      0.027767103165388107,
      0.026111451908946037,
      0.024203766137361526,
      0.021044472232460976,
      0.01624375954270363,
      0.015578512102365494,
      0.015216512605547905,
      0.013500136323273182,
      0.011665569618344307,
      0.01122787594795227,
      0.009295657277107239,
      0.009183971211314201,
      0.008560183458030224,
      0.008142394945025444,
      0.007661780808120966,
      0.00744145130738616,
      0.007129063829779625,
      0.006122210528701544,
      0.0060185580514371395,
      0.005951764993369579,
      0.005725901573896408,
      0.005264462903141975,
      0.005139539483934641,
      0.005059428978711367,
      0.004769443068653345,
      0.004565144423395395,
      0.004429840948432684,
      0.0043263984844088554,
      0.0041940705850720406,
      0.0040299310348927975,
      0.0038400839548557997,
      0.0035984560381621122,
      0.0035295337438583374,
      0.0034497901797294617,
      0.0033348712604492903,
      0.0031324413139373064,
      0.002988689113408327,
      0.0029453446622937918,
      0.0028818491846323013,
      0.002665456384420395,
      0.002609627554193139,
      0.0025414919946342707
    ],
    "whisper-small-enc": [
      0.668368935585022,
      0.11471863090991974,
      0.04266839846968651,
      0.02544318325817585,
      0.01876789703965187,
      0.016620302572846413,
      0.010355053469538689,
      0.009686841629445553,
      0.0074621159583330154,
      0.006133829243481159,
      0.005330279003828764,
      0.005051635205745697,
      0.004804251249879599,
      0.004382131155580282,
      0.004192972090095282,
      0.0039205411449074745,
      0.003516901982948184,
      0.0030959320720285177,
      0.002824633615091443,
      0.00254934374243021,
      0.002446705475449562,
      0.002274375408887863,
      0.0021369140595197678,
      0.002015443751588464,
      0.0019392149988561869,
      0.0017686892533674836,
      0.0017338793259114027,
      0.001627076300792396,
      0.0016147817950695753,
      0.0014814280439168215,
      0.0014263445045799017,
      0.001397272222675383,
      0.0013408428058028221,
      0.0013049234403297305,
      0.0012211604043841362,
      0.001174558768980205,
      0.0011302593629807234,
      0.0011047812877222896,
      0.0010841843904927373,
      0.0010322404559701681,
      0.0009905622573569417,
      0.0009730022866278887,
      0.0009530075476504862,
      0.0009109320817515254,
      0.0008943270659074187,
      0.0008642941247671843,
      0.0008426536805927753,
      0.0008290618425235152,
      0.0008082176791504025,
      0.0007850139518268406
    ],
    "whisper-small-dec": [
      0.4277827739715576,
      0.09085211157798767,
      0.06289352476596832,
      0.04335412010550499,
      0.03980264440178871,
      0.03209896758198738,
      0.027286075055599213,
      0.021806791424751282,
      0.0199707243591547,
      0.017504455521702766,
      0.014418382197618484,
      0.012740861624479294,
      0.01161035057157278,
      0.011086695827543736,
      0.010345530696213245,
      0.009565722197294235,
      0.008469078689813614,
      0.008173642680048943,
      0.00792768970131874,
      0.00729659479111433,
      0.007013767957687378,
      0.0066159749403595924,
      0.0057168081402778625,
